Cheeta
[  0   1   0   0   0   0 ]
[  0   0   0   0   0   1 ]
[  0   0   0   0   0   1 ]
[  0   0   0   1   0   0 ]
[  0   1   0   0   0   0 ]
[  0   0   0   0   0   1 ]
[  0   0   0   1   0   0 ]
[  0   0   0   0   0   1 ]
[  0   0   0   1   0   0 ]
[  0   0   0   1   0   0 ]
[  1   0   0   0   0   0 ]
[  0   0   0   1   0   0 ]
[  0   0   0   1   0   0 ]
[  0   0   0   1   0   0 ]
[  0   0   0   1   0   0 ]
[  0   0   0   0   1   0 ]
[  0   0   0   1   0   0 ]
[  1   0   0   0   0   0 ]
[  0   1   0   0   0   0 ]
[  0   1   0   0   0   0 ]
[  0   1   0   0   0   0 ]
[  0   0   0   0   0   1 ]
BluePill
[  1   0   0   0   0   0 ]
[  0   0   0   0   1   0 ]
[  1   0   0   0   0   0 ]
[  0   0   1   0   0   0 ]
XCult
[  0   0   1   0   0   0 ]
[  0   0   1   0   0   0 ]
[  0   0   1   0   0   0 ]
[  0   1   0   0   0   0 ]
[  1   0   0   0   0   0 ]
[  0   1   0   0   0   0 ]
[  0   0   1   0   0   0 ]
[  0   1   0   0   0   0 ]
[  0   0   0   1   0   0 ]
[  0   0   0   0   0   1 ]
[  1   0   0   0   0   0 ]
[  0   0   0   0   0   1 ]
[  1   0   0   0   0   0 ]
[  1   0   0   0   0   0 ]
[  0   0   1   0   0   0 ]
[  0   0   0   1   0   0 ]
[  1   0   0   0   0   0 ]
[  0   0   1   0   0   0 ]
[  1   0   0   0   0   0 ]
[  1   0   0   0   0   0 ]
[  0   0   1   0   0   0 ]
[  0   0   1   0   0   0 ]
[  1   0   0   0   0   0 ]
[  0   0   0   0   1   0 ]
[  0   0   0   0   1   0 ]
[  0   0   0   1   0   0 ]
[  1   0   0   0   0   0 ]
[  0   1   0   0   0   0 ]
[  0   0   0   0   1   0 ]
[  0   0   0   0   1   0 ]
[  0   0   1   0   0   0 ]
[  0   1   0   0   0   0 ]
[  0   0   1   0   0   0 ]
[  0   0   0   0   0   1 ]
[  0   0   0   0   1   0 ]
FlatHold
[  0   0   0   0   1   0 ]
[  0   0   0   0   1   0 ]
[  0   0   0   0   0   1 ]
[  0   1   0   0   0   0 ]
[  0   0   0   1   0   0 ]
[  0   0   0   0   0   1 ]
[  0   0   1   0   0   0 ]
[  0   0   0   0   0   1 ]
[  0   0   0   0   1   0 ]
[  0   0   0   1   0   0 ]
[  0   0   1   0   0   0 ]
[  1   0   0   0   0   0 ]
Summary
[ 19  15  15   3  14   5  16  11   3   0   0  22  29  44   0   0   0  21   5   0   0 ]
[  6   4  12   4  10   2  15   4   0   8   0  26   5  65   0   0   0   8   0   3   0 ]
[ 14   4   4   2   7   8   5   0   0   7   0  15  10  70   0   0   0   5   7   0   0 ]
[ 10  14   2   0   6   8   7   6   4   6   1  30   3  72   0   0   0   3  11   5  11 ]
[ 12   7   0   4   7   4  15   0   5   5  25  39  20 105   0   0   0   6   4   4   4 ]
[ 13   2   0   2   6   3  26   5   3   5   5  65  10  60   0  16   3  10   0   2   4 ]
